15
17
18
19
21
22
23
25
26
27
29 
30
31
33
34
35
37
38
39
41
42
43
45
46
47
77
78
81
82
83
84
85
86
88
89
90
92
93
94
95
96
97
98
100
101
102
104
105
106
109
110
111
112
113
114
115
117
118
146
147
149
150
151
152
153
154
155
156
157
158
159
160
161
162
164
165
166
168
169
170
172
173
174
177
178
179
180
181
182
183
185
186
187
190
220
221
222
224
226
228
229
230
232
233
236
237
240
241
244
245
246
249
250
253
254
283
287
289
291
292
293
295
296
297
298
300
301
302
304
305
306
308
309
310
312
313
315
318
319
322
323
326
327
330
331
351
355
357
359
360
361
364
365
366
367
368
369
370
371
372
373
374
375
376
377
378
379
380
381
383
391
395
399
419
423
425
428
429
432
433
434
435
436
437
438
439
440
441
442
443
444
445
446
447
448
449
451
452
459
461
463
467
487
489
491
493
496
497
499
500
501
502
505
506
507
509
510
511
512
513
514
515
516
517
518
519
520
522
523
525
526
527
529
530
531
557
558
561
562
564
565
566
567
569
571
574
575
578
579
581
582
583
584
585
586
587
588
589
590
591
593
594
595
597
598
626
629
630
631
632
633
634
635
637
638
641
642
643
645
646
647
649
650
651
653
654
658
659
662
663
665
666
693
694
695
697
698
699
700
701
702
704
705
706
708
709
710
711
712
713
714
715
716
717
718
720
721
724
725
726
729
730
731
733
734
735
758
759
762
763
765
766
767
768
769
770
772
773
774
776
777
778
780
781
782
783
784
785
786
788
789
792
793
794
797
798
799
802
803
826
827
831
833
834
835
836
837
838
840
841
844
845
846
848
849
850
851
852
853
854
855
857
860
861
865
866
867
869
870
875
894
898
899
901
902
903
904
905
907
908
909
911
912
913
916
917
920
921
924
927
928
929
931
932
933
934
935
937
938
939
962
963
965
967
968
969
970
971
973
974
975
976
977
978
980
981
984
985
988
992
993
996
997
999
1000
1001
1003
1005
1006
1007
1010
1011
1026
1029
1030
1031
1032
1033
1034
1035
1036
1037
1039
1041
1042
1044
1045
1046
1048
1049
1052
1053
1056
1057
1060
1061
1065
1067
1068
1069
1071
1072
1073
1074
1077
1078
1079
1082
1094
1095
1098
1099
1101
1102
1103
1104
1105
1106
1108
1109
1111
1112
1114
1115
1116
1117
1118
1119
1120
1121
1124
1125
1126
1127
1128
1130
1131
1133
1135
1136
1137
1139
1140
1141
1145
1146
1147
1150
1151
1162
1163
1165
1166
1170
1171
1173
1174
1176
1177
1180
1181
1182
1184
1185
1186
1187
1188
1189
1190
1191
1192
1193
1194
1195
1196
1197
1203
1204
1205
1207
1209
1211
1213
1214
1218
1219
1223
1230
1231
1233
1234
1237
1238
1239
1241
1244
1245
1248
1249
1253
1254
1257
1258
1259
1261
1262
1263
1264
1265
1268
1269
1273
1277
1281
1282
1285
1286
1287
1291
1295
1298
1302
1305
1306
1307
1309
1312
1313
1315
1316
1317
1319
1321
1322
1325
1326
1327
1329
1330
1332
1333
1334
1335
1336
1343
1345
1349
1350
1353
1354
1355
1358
1359
1363
1366
1370
1373
1374
1377
1381
1383
1384
1385
1387
1389
1390
1393
1394
1395
1397
1398
1400
1403
1404
1407
1408
1409
1411
1412
1413
1417
1421
1422
1427
1431
1434
1438
1441
1445
1449
1451
1452
1453
1454
1455
1458
1459
1462
1463
1466
1468
1472
1476
1477
1480
1481
1485
1489
1490
1491
1494
1502
1503
1505
1506
1510
1513
1517
1520
1521
1522
1526
1527
1530
1531
1534
1536
1540
1541
1544
1545
1548
1549
1553
1554
1557
1558
1559
1562
1563
1570
1571
1573
1574
1577
1578
1581
1585
1587
1588
1589
1590
1594
1595
1598
1599
1601
1602
1604
1606
1608
1612
1616
1617
1622
1626
1627
1631
1639
1642
1645
1646
1649
1650
1652
1653
1655
1656
1657
1658
1659
1662
1663
1666
1667
1669
1671
1672
1673
1674
1676
1679
1681
1684
1685
1687
1690
1695
1698
1699
1710
1711
1713
1714
1717
1718
1721
1722
1723
1724
1725
1726
1727
1730
1731
1734
1735
1739
1742
1743
1745
1746
1747
1753
1754
1758
1759
1763
1778
1781
1783
1786
1788
1789
1790
1792
1793
1795
1798
1802
1807
1808
1810
1811
1814
1815
1817
1822
1823
1826
1827
1843
1846
1849
1850
1853
1855
1859
1860
1863
1866
1870
1876
1879
1880
1881
1882
1885
1886
1890
1899
1911
1914
1915
1917
1918
1919
1921
1927
1928
1929
1933
1934
1938
1940
1942
1944
1945
1947
1948
1949
1950
1953
1954
1958
1959
1963
1982
1983
1985
1986
1987
1989
1993
1996
1997
1998
2001
2002
2006
2008
2009
2010
2012
2015
2017
2018
2021
2022
2031
2051
2053
2054
2055
2057
2058
2059
2061
2062
2064
2065
2066
2069
2076
2077
2078
2079
2080
2081
2085
2086
2087
2090
2091
2099
2119
2122
2123
2125
2126
2127
2129
2130
2131
2132
2133
2134
2135
2141
2145
2146
2147
2149
2150
2153
2154
2155
2158
2159
2163
2167
2171
2183
2187
2190
2191
2194
2195
2198
2199
2201
2202
2203
2214
2215
2217
2218
2222
2223
2226
2227
2235